1250.000000 3.125000
1275.000000 6.250000
1300.000000 4.687500
1325.000000 4.687500
1350.000000 0.000000
1375.000000 6.250000
1400.000000 6.250000
1425.000000 6.250000
1450.000000 7.812500
1475.000000 4.687500
1500.000000 7.812500
1525.000000 7.812500
1550.000000 6.250000
1575.000000 6.250000
1600.000000 7.812500
1625.000000 7.812500
1650.000000 6.250000
1675.000000 9.375000
1700.000000 6.250000
1725.000000 7.812500
1750.000000 7.812500
1775.000000 6.250000
1800.000000 7.812500
1825.000000 10.937500
1850.000000 7.812500
1875.000000 9.375000
1900.000000 9.375000
1925.000000 10.937500
1950.000000 7.812500
1975.000000 15.625000
2000.000000 15.625000
2025.000000 14.062500
2050.000000 15.625000
2075.000000 14.062500
2100.000000 9.375000
2125.000000 15.625000
2150.000000 9.375000
2175.000000 10.937500
2200.000000 15.625000
2225.000000 14.062500
2250.000000 15.625000
2275.000000 15.625000
2300.000000 15.625000
2325.000000 15.625000
2350.000000 15.625000
2375.000000 15.625000
2400.000000 17.187500
2425.000000 17.187500
2450.000000 17.187500
2475.000000 18.750000
2500.000000 17.187500
2525.000000 18.750000
2550.000000 18.750000
2575.000000 18.750000
2600.000000 20.312500
2625.000000 23.437500
2650.000000 25.000000
2675.000000 28.125000
2700.000000 31.250000
2725.000000 18.750000
2750.000000 25.000000
2775.000000 21.875000
2800.000000 25.000000
2825.000000 21.875000
2850.000000 23.437500
2875.000000 25.000000
2900.000000 23.437500
2925.000000 28.125000
2950.000000 25.000000
2975.000000 23.437500
3000.000000 28.125000
3025.000000 28.125000
3050.000000 26.562500
3075.000000 28.125000
3100.000000 26.562500
3125.000000 28.125000
3150.000000 28.125000
3175.000000 31.250000
3200.000000 32.812500
3225.000000 31.250000
3250.000000 31.250000
3275.000000 34.375000
3300.000000 32.812500
3325.000000 32.812500
3350.000000 35.937500
3375.000000 35.937500
3400.000000 35.937500
3425.000000 35.937500
3450.000000 39.062500
3475.000000 37.500000
3500.000000 39.062500
3525.000000 39.062500
3550.000000 40.625000
3575.000000 48.437500
3600.000000 46.875000
3625.000000 39.062500
3650.000000 42.187500
3675.000000 42.187500
3700.000000 43.750000
3725.000000 40.625000
3750.000000 39.062500
3775.000000 39.062500
3800.000000 46.875000
3825.000000 43.750000
3850.000000 45.312500
3875.000000 46.875000
3900.000000 50.000000
3925.000000 50.000000
3950.000000 46.875000
3975.000000 48.437500
4000.000000 51.562500
4025.000000 51.562500
4050.000000 53.125000
4075.000000 51.562500
4100.000000 54.687500
4125.000000 48.437500
4150.000000 62.500000
4175.000000 50.000000
4200.000000 53.125000
4225.000000 59.375000
4250.000000 57.812500
4275.000000 56.250000
4300.000000 59.375000
4325.000000 60.937500
4350.000000 59.375000
4375.000000 62.500000
4400.000000 64.062500
4425.000000 62.500000
4450.000000 62.500000
4475.000000 64.062500
4500.000000 68.750000
4525.000000 64.062500
4550.000000 62.500000
4575.000000 64.062500
4600.000000 71.875000
4625.000000 67.187500
4650.000000 68.750000
4675.000000 70.312500
4700.000000 71.875000
4725.000000 71.875000
4750.000000 75.000000
4775.000000 73.437500
4800.000000 73.437500
4825.000000 75.000000
4850.000000 76.562500
4875.000000 78.125000
4900.000000 78.125000
4925.000000 78.125000
4950.000000 81.250000
4975.000000 78.125000
5000.000000 81.250000
5025.000000 84.375000
5050.000000 82.812500
5075.000000 85.937500
5100.000000 84.375000
5125.000000 87.500000
5150.000000 89.062500
5175.000000 87.500000
5200.000000 89.062500
5225.000000 89.062500
5250.000000 84.375000
5275.000000 93.750000
5300.000000 92.187500
5325.000000 95.312500
5350.000000 95.312500
5375.000000 95.312500
5400.000000 95.312500
5425.000000 98.437500
5450.000000 93.750000
5475.000000 100.000000
5500.000000 98.437500
5525.000000 101.562500
5550.000000 104.687500
5575.000000 109.375000
5600.000000 104.687500
5625.000000 106.250000
5650.000000 107.812500
5675.000000 106.250000
5700.000000 110.937500
5725.000000 109.375000
5750.000000 110.937500
5775.000000 115.625000
5800.000000 112.500000
5825.000000 114.062500
5850.000000 112.500000
5875.000000 109.375000
5900.000000 114.062500
5925.000000 118.750000
5950.000000 121.875000
5975.000000 121.875000
6000.000000 120.312500
6025.000000 121.875000
6050.000000 120.312500
6075.000000 123.437500
6100.000000 125.000000
6125.000000 126.562500
6150.000000 132.812500
6175.000000 131.250000
6200.000000 128.125000
6225.000000 129.687500
6250.000000 131.250000
6275.000000 131.250000
6300.000000 135.937500
6325.000000 137.500000
6350.000000 137.500000
6375.000000 140.625000
6400.000000 139.062500
6425.000000 139.062500
6450.000000 143.750000
6475.000000 143.750000
6500.000000 146.875000
6525.000000 140.625000
6550.000000 139.062500
6575.000000 150.000000
6600.000000 150.000000
6625.000000 148.437500
6650.000000 153.125000
6675.000000 154.687500
6700.000000 151.562500
6725.000000 156.250000
6750.000000 154.687500
6775.000000 156.250000
6800.000000 160.937500
6825.000000 164.062500
6850.000000 157.812500
6875.000000 162.500000
6900.000000 164.062500
6925.000000 167.187500
6950.000000 159.375000
6975.000000 168.750000
7000.000000 168.750000
7025.000000 167.187500
7050.000000 168.750000
7075.000000 171.875000
7100.000000 170.312500
7125.000000 176.562500
7150.000000 178.125000
7175.000000 181.250000
7200.000000 171.875000
7225.000000 181.250000
7250.000000 181.250000
7275.000000 182.812500
7300.000000 185.937500
7325.000000 187.500000
7350.000000 185.937500
7375.000000 190.625000
7400.000000 187.500000
7425.000000 190.625000
7450.000000 200.000000
7475.000000 193.750000
7500.000000 193.750000
