1250.000000 4.437500
1275.000000 4.468750
1300.000000 4.406250
1325.000000 4.375000
1350.000000 4.375000
1375.000000 4.437500
1400.000000 4.406250
1425.000000 4.406250
1450.000000 4.437500
1475.000000 4.468750
1500.000000 4.437500
1525.000000 4.437500
1550.000000 4.406250
1575.000000 4.437500
1600.000000 4.437500
1625.000000 4.406250
1650.000000 4.375000
1675.000000 4.437500
1700.000000 4.437500
1725.000000 4.437500
1750.000000 4.437500
1775.000000 4.437500
1800.000000 4.375000
1825.000000 4.437500
1850.000000 4.468750
1875.000000 4.406250
1900.000000 4.437500
1925.000000 4.406250
1950.000000 4.437500
1975.000000 4.375000
2000.000000 4.375000
2025.000000 4.375000
2050.000000 4.375000
2075.000000 4.375000
2100.000000 4.343750
2125.000000 4.375000
2150.000000 4.375000
2175.000000 4.406250
2200.000000 4.343750
2225.000000 4.406250
2250.000000 4.437500
2275.000000 4.437500
2300.000000 4.437500
2325.000000 4.406250
2350.000000 4.437500
2375.000000 4.500000
2400.000000 4.406250
2425.000000 4.406250
2450.000000 4.437500
2475.000000 4.406250
2500.000000 4.375000
2525.000000 4.312500
2550.000000 4.406250
2575.000000 4.406250
2600.000000 4.406250
2625.000000 4.375000
2650.000000 4.375000
2675.000000 4.406250
2700.000000 4.375000
2725.000000 4.468750
2750.000000 4.406250
2775.000000 4.375000
2800.000000 4.437500
2825.000000 4.437500
2850.000000 4.437500
2875.000000 4.468750
2900.000000 4.312500
2925.000000 4.375000
2950.000000 4.406250
2975.000000 4.375000
3000.000000 4.406250
3025.000000 4.406250
3050.000000 4.406250
3075.000000 4.406250
3100.000000 4.437500
3125.000000 4.375000
3150.000000 4.437500
3175.000000 4.406250
3200.000000 4.437500
3225.000000 4.375000
3250.000000 4.375000
3275.000000 4.406250
3300.000000 4.375000
3325.000000 4.312500
3350.000000 4.343750
3375.000000 4.375000
3400.000000 4.375000
3425.000000 4.406250
3450.000000 4.375000
3475.000000 4.375000
3500.000000 4.375000
3525.000000 4.375000
3550.000000 4.375000
3575.000000 4.218750
3600.000000 4.312500
3625.000000 4.343750
3650.000000 4.375000
3675.000000 4.343750
3700.000000 4.343750
3725.000000 4.375000
3750.000000 4.343750
3775.000000 4.312500
3800.000000 4.375000
3825.000000 4.343750
3850.000000 4.406250
3875.000000 4.343750
3900.000000 4.343750
3925.000000 4.343750
3950.000000 4.375000
3975.000000 4.406250
4000.000000 4.312500
4025.000000 4.375000
4050.000000 4.343750
4075.000000 4.312500
4100.000000 4.375000
4125.000000 4.437500
4150.000000 4.375000
4175.000000 4.406250
4200.000000 4.343750
4225.000000 4.343750
4250.000000 4.343750
4275.000000 4.406250
4300.000000 4.312500
4325.000000 4.281250
4350.000000 4.375000
4375.000000 4.406250
4400.000000 4.312500
4425.000000 4.406250
4450.000000 4.375000
4475.000000 4.375000
4500.000000 4.375000
4525.000000 4.343750
4550.000000 4.375000
4575.000000 4.375000
4600.000000 4.375000
4625.000000 4.375000
4650.000000 4.375000
4675.000000 4.406250
4700.000000 4.343750
4725.000000 4.375000
4750.000000 4.343750
4775.000000 4.343750
4800.000000 4.375000
4825.000000 4.343750
4850.000000 4.312500
4875.000000 4.312500
4900.000000 4.343750
4925.000000 4.375000
4950.000000 4.406250
4975.000000 4.406250
5000.000000 4.375000
5025.000000 4.375000
5050.000000 4.375000
5075.000000 4.375000
5100.000000 4.343750
5125.000000 4.375000
5150.000000 4.375000
5175.000000 4.375000
5200.000000 4.375000
5225.000000 4.343750
5250.000000 4.375000
5275.000000 4.375000
5300.000000 4.375000
5325.000000 4.375000
5350.000000 4.375000
5375.000000 4.375000
5400.000000 4.406250
5425.000000 4.375000
5450.000000 4.375000
5475.000000 4.375000
5500.000000 4.375000
5525.000000 4.375000
5550.000000 4.343750
5575.000000 4.375000
5600.000000 4.406250
5625.000000 4.375000
5650.000000 4.375000
5675.000000 4.343750
5700.000000 4.343750
5725.000000 4.406250
5750.000000 4.437500
5775.000000 4.312500
5800.000000 4.343750
5825.000000 4.406250
5850.000000 4.375000
5875.000000 4.343750
5900.000000 4.375000
5925.000000 4.343750
5950.000000 4.406250
5975.000000 4.343750
6000.000000 4.406250
6025.000000 4.343750
6050.000000 4.375000
6075.000000 4.343750
6100.000000 4.312500
6125.000000 4.375000
6150.000000 4.312500
6175.000000 4.343750
6200.000000 4.343750
6225.000000 4.406250
6250.000000 4.375000
6275.000000 4.343750
6300.000000 4.375000
6325.000000 4.406250
6350.000000 4.343750
6375.000000 4.312500
6400.000000 4.343750
6425.000000 4.375000
6450.000000 4.375000
6475.000000 4.343750
6500.000000 4.343750
6525.000000 4.468750
6550.000000 4.437500
6575.000000 4.343750
6600.000000 4.375000
6625.000000 4.343750
6650.000000 4.343750
6675.000000 4.343750
6700.000000 4.281250
6725.000000 4.375000
6750.000000 4.437500
6775.000000 4.406250
6800.000000 4.343750
6825.000000 4.375000
6850.000000 4.375000
6875.000000 4.343750
6900.000000 4.375000
6925.000000 4.375000
6950.000000 4.343750
6975.000000 4.375000
7000.000000 4.343750
7025.000000 4.281250
7050.000000 4.343750
7075.000000 4.375000
7100.000000 4.406250
7125.000000 4.437500
7150.000000 4.312500
7175.000000 4.312500
7200.000000 4.437500
7225.000000 4.375000
7250.000000 4.375000
7275.000000 4.343750
7300.000000 4.406250
7325.000000 4.375000
7350.000000 4.375000
7375.000000 4.343750
7400.000000 4.406250
7425.000000 4.343750
7450.000000 4.375000
7475.000000 4.375000
7500.000000 4.375000
