1250.000000 109.375000
1275.000000 93.750000
1300.000000 78.125000
1325.000000 109.375000
1350.000000 93.750000
1375.000000 109.375000
1400.000000 93.750000
1425.000000 109.375000
1450.000000 93.750000
1475.000000 109.375000
1500.000000 93.750000
1525.000000 109.375000
1550.000000 109.375000
1575.000000 93.750000
1600.000000 109.375000
1625.000000 109.375000
1650.000000 93.750000
1675.000000 109.375000
1700.000000 109.375000
1725.000000 109.375000
1750.000000 109.375000
1775.000000 93.750000
1800.000000 93.750000
1825.000000 93.750000
1850.000000 109.375000
1875.000000 109.375000
1900.000000 109.375000
1925.000000 109.375000
1950.000000 125.000000
1975.000000 109.375000
2000.000000 109.375000
2025.000000 109.375000
2050.000000 109.375000
2075.000000 109.375000
2100.000000 109.375000
2125.000000 109.375000
2150.000000 109.375000
2175.000000 125.000000
2200.000000 109.375000
2225.000000 109.375000
2250.000000 125.000000
2275.000000 109.375000
2300.000000 125.000000
2325.000000 109.375000
2350.000000 125.000000
2375.000000 109.375000
2400.000000 109.375000
2425.000000 109.375000
2450.000000 125.000000
2475.000000 125.000000
2500.000000 109.375000
2525.000000 109.375000
2550.000000 125.000000
2575.000000 125.000000
2600.000000 109.375000
2625.000000 109.375000
2650.000000 125.000000
2675.000000 125.000000
2700.000000 125.000000
2725.000000 125.000000
2750.000000 125.000000
2775.000000 125.000000
2800.000000 125.000000
2825.000000 125.000000
2850.000000 125.000000
2875.000000 125.000000
2900.000000 125.000000
2925.000000 125.000000
2950.000000 125.000000
2975.000000 125.000000
3000.000000 140.625000
3025.000000 125.000000
3050.000000 140.625000
3075.000000 109.375000
3100.000000 93.750000
3125.000000 140.625000
3150.000000 125.000000
3175.000000 140.625000
3200.000000 125.000000
3225.000000 140.625000
3250.000000 125.000000
3275.000000 109.375000
3300.000000 140.625000
3325.000000 125.000000
3350.000000 140.625000
3375.000000 125.000000
3400.000000 140.625000
3425.000000 140.625000
3450.000000 125.000000
3475.000000 140.625000
3500.000000 125.000000
3525.000000 140.625000
3550.000000 140.625000
3575.000000 140.625000
3600.000000 125.000000
3625.000000 156.250000
3650.000000 140.625000
3675.000000 125.000000
3700.000000 125.000000
3725.000000 140.625000
3750.000000 156.250000
3775.000000 140.625000
3800.000000 140.625000
3825.000000 156.250000
3850.000000 125.000000
3875.000000 125.000000
3900.000000 156.250000
3925.000000 125.000000
3950.000000 156.250000
3975.000000 140.625000
4000.000000 156.250000
4025.000000 156.250000
4050.000000 156.250000
4075.000000 140.625000
4100.000000 156.250000
4125.000000 156.250000
4150.000000 156.250000
4175.000000 171.875000
4200.000000 125.000000
4225.000000 156.250000
4250.000000 156.250000
4275.000000 156.250000
4300.000000 156.250000
4325.000000 156.250000
4350.000000 156.250000
4375.000000 156.250000
4400.000000 171.875000
4425.000000 156.250000
4450.000000 156.250000
4475.000000 156.250000
4500.000000 156.250000
4525.000000 156.250000
4550.000000 156.250000
4575.000000 156.250000
4600.000000 171.875000
4625.000000 156.250000
4650.000000 156.250000
4675.000000 171.875000
4700.000000 156.250000
4725.000000 156.250000
4750.000000 156.250000
4775.000000 156.250000
4800.000000 156.250000
4825.000000 171.875000
4850.000000 171.875000
4875.000000 156.250000
4900.000000 171.875000
4925.000000 171.875000
4950.000000 171.875000
4975.000000 171.875000
5000.000000 171.875000
5025.000000 171.875000
5050.000000 171.875000
5075.000000 156.250000
5100.000000 171.875000
5125.000000 171.875000
5150.000000 156.250000
5175.000000 171.875000
5200.000000 171.875000
5225.000000 171.875000
5250.000000 187.500000
5275.000000 171.875000
5300.000000 171.875000
5325.000000 187.500000
5350.000000 171.875000
5375.000000 171.875000
5400.000000 156.250000
5425.000000 187.500000
5450.000000 171.875000
5475.000000 171.875000
5500.000000 187.500000
5525.000000 171.875000
5550.000000 171.875000
5575.000000 140.625000
5600.000000 171.875000
5625.000000 187.500000
5650.000000 187.500000
5675.000000 171.875000
5700.000000 187.500000
5725.000000 187.500000
5750.000000 187.500000
5775.000000 187.500000
5800.000000 187.500000
5825.000000 187.500000
5850.000000 187.500000
5875.000000 187.500000
5900.000000 203.125000
5925.000000 187.500000
5950.000000 187.500000
5975.000000 171.875000
6000.000000 171.875000
6025.000000 203.125000
6050.000000 171.875000
6075.000000 187.500000
6100.000000 187.500000
6125.000000 187.500000
6150.000000 187.500000
6175.000000 203.125000
6200.000000 187.500000
6225.000000 187.500000
6250.000000 187.500000
6275.000000 187.500000
6300.000000 187.500000
6325.000000 203.125000
6350.000000 187.500000
6375.000000 187.500000
6400.000000 187.500000
6425.000000 203.125000
6450.000000 203.125000
6475.000000 187.500000
6500.000000 187.500000
6525.000000 203.125000
6550.000000 203.125000
6575.000000 203.125000
6600.000000 203.125000
6625.000000 187.500000
6650.000000 203.125000
6675.000000 203.125000
6700.000000 203.125000
6725.000000 203.125000
6750.000000 203.125000
6775.000000 203.125000
6800.000000 203.125000
6825.000000 218.750000
6850.000000 203.125000
6875.000000 203.125000
6900.000000 203.125000
6925.000000 187.500000
6950.000000 187.500000
6975.000000 218.750000
7000.000000 203.125000
7025.000000 203.125000
7050.000000 218.750000
7075.000000 203.125000
7100.000000 218.750000
7125.000000 203.125000
7150.000000 218.750000
7175.000000 218.750000
7200.000000 187.500000
7225.000000 218.750000
7250.000000 203.125000
7275.000000 203.125000
7300.000000 218.750000
7325.000000 203.125000
7350.000000 203.125000
7375.000000 203.125000
7400.000000 218.750000
7425.000000 218.750000
7450.000000 218.750000
7475.000000 218.750000
7500.000000 203.125000
7525.000000 218.750000
7550.000000 218.750000
7575.000000 234.375000
7600.000000 218.750000
7625.000000 218.750000
7650.000000 218.750000
7675.000000 218.750000
7700.000000 218.750000
7725.000000 203.125000
7750.000000 218.750000
7775.000000 234.375000
7800.000000 218.750000
7825.000000 234.375000
7850.000000 203.125000
7875.000000 218.750000
7900.000000 234.375000
7925.000000 218.750000
7950.000000 234.375000
7975.000000 234.375000
8000.000000 218.750000
8025.000000 234.375000
8050.000000 234.375000
8075.000000 218.750000
8100.000000 234.375000
8125.000000 234.375000
8150.000000 218.750000
8175.000000 234.375000
8200.000000 234.375000
8225.000000 234.375000
8250.000000 234.375000
8275.000000 234.375000
8300.000000 234.375000
8325.000000 234.375000
8350.000000 234.375000
8375.000000 234.375000
8400.000000 203.125000
8425.000000 234.375000
8450.000000 234.375000
8475.000000 250.000000
8500.000000 234.375000
8525.000000 218.750000
8550.000000 250.000000
8575.000000 234.375000
8600.000000 218.750000
8625.000000 250.000000
8650.000000 234.375000
8675.000000 234.375000
8700.000000 234.375000
8725.000000 250.000000
8750.000000 218.750000
8775.000000 250.000000
8800.000000 234.375000
8825.000000 250.000000
8850.000000 250.000000
8875.000000 234.375000
8900.000000 250.000000
8925.000000 234.375000
8950.000000 250.000000
8975.000000 234.375000
9000.000000 234.375000
9025.000000 234.375000
9050.000000 250.000000
9075.000000 250.000000
9100.000000 250.000000
9125.000000 250.000000
9150.000000 250.000000
9175.000000 250.000000
9200.000000 250.000000
9225.000000 250.000000
9250.000000 234.375000
9275.000000 265.625000
9300.000000 250.000000
9325.000000 234.375000
9350.000000 265.625000
9375.000000 250.000000
9400.000000 234.375000
9425.000000 234.375000
9450.000000 265.625000
9475.000000 250.000000
9500.000000 250.000000
9525.000000 250.000000
9550.000000 265.625000
9575.000000 250.000000
9600.000000 265.625000
9625.000000 234.375000
9650.000000 265.625000
9675.000000 250.000000
9700.000000 265.625000
9725.000000 265.625000
9750.000000 265.625000
9775.000000 250.000000
9800.000000 250.000000
9825.000000 250.000000
9850.000000 265.625000
9875.000000 265.625000
9900.000000 250.000000
9925.000000 265.625000
9950.000000 265.625000
9975.000000 265.625000
10000.000000 265.625000
10025.000000 250.000000
10050.000000 265.625000
10075.000000 265.625000
10100.000000 265.625000
10125.000000 265.625000
10150.000000 265.625000
10175.000000 281.250000
10200.000000 265.625000
10225.000000 281.250000
10250.000000 265.625000
10275.000000 250.000000
10300.000000 281.250000
10325.000000 265.625000
10350.000000 281.250000
10375.000000 265.625000
10400.000000 281.250000
10425.000000 250.000000
10450.000000 265.625000
10475.000000 234.375000
10500.000000 281.250000
10525.000000 250.000000
10550.000000 281.250000
10575.000000 281.250000
10600.000000 281.250000
10625.000000 265.625000
10650.000000 281.250000
10675.000000 281.250000
10700.000000 281.250000
10725.000000 250.000000
10750.000000 281.250000
10775.000000 265.625000
10800.000000 281.250000
10825.000000 265.625000
10850.000000 281.250000
10875.000000 281.250000
10900.000000 281.250000
10925.000000 281.250000
10950.000000 281.250000
10975.000000 296.875000
11000.000000 265.625000
11025.000000 281.250000
11050.000000 281.250000
11075.000000 281.250000
11100.000000 296.875000
11125.000000 281.250000
11150.000000 265.625000
11175.000000 281.250000
11200.000000 250.000000
11225.000000 281.250000
11250.000000 281.250000
11275.000000 296.875000
11300.000000 281.250000
11325.000000 281.250000
11350.000000 296.875000
11375.000000 265.625000
11400.000000 281.250000
11425.000000 296.875000
11450.000000 281.250000
11475.000000 296.875000
11500.000000 296.875000
11525.000000 312.500000
11550.000000 281.250000
11575.000000 296.875000
11600.000000 296.875000
11625.000000 296.875000
11650.000000 281.250000
11675.000000 296.875000
11700.000000 296.875000
11725.000000 296.875000
11750.000000 296.875000
11775.000000 296.875000
11800.000000 312.500000
11825.000000 296.875000
11850.000000 281.250000
11875.000000 296.875000
11900.000000 296.875000
11925.000000 296.875000
11950.000000 312.500000
11975.000000 296.875000
12000.000000 265.625000
12025.000000 296.875000
12050.000000 281.250000
12075.000000 312.500000
12100.000000 281.250000
12125.000000 312.500000
12150.000000 281.250000
12175.000000 312.500000
12200.000000 281.250000
12225.000000 312.500000
12250.000000 281.250000
12275.000000 312.500000
12300.000000 312.500000
12325.000000 312.500000
12350.000000 265.625000
12375.000000 312.500000
12400.000000 312.500000
12425.000000 312.500000
12450.000000 296.875000
12475.000000 312.500000
12500.000000 312.500000
12525.000000 312.500000
12550.000000 312.500000
12575.000000 312.500000
12600.000000 312.500000
12625.000000 312.500000
12650.000000 312.500000
12675.000000 312.500000
12700.000000 312.500000
12725.000000 312.500000
12750.000000 312.500000
12775.000000 312.500000
12800.000000 312.500000
12825.000000 312.500000
12850.000000 312.500000
12875.000000 296.875000
12900.000000 312.500000
12925.000000 312.500000
12950.000000 312.500000
12975.000000 312.500000
13000.000000 312.500000
13025.000000 328.125000
13050.000000 312.500000
13075.000000 312.500000
13100.000000 328.125000
13125.000000 312.500000
13150.000000 328.125000
13175.000000 312.500000
13200.000000 328.125000
13225.000000 312.500000
13250.000000 312.500000
13275.000000 312.500000
13300.000000 328.125000
13325.000000 328.125000
13350.000000 312.500000
13375.000000 328.125000
13400.000000 312.500000
13425.000000 312.500000
13450.000000 312.500000
13475.000000 312.500000
13500.000000 328.125000
13525.000000 312.500000
13550.000000 312.500000
13575.000000 312.500000
13600.000000 312.500000
13625.000000 312.500000
13650.000000 328.125000
13675.000000 312.500000
13700.000000 328.125000
13725.000000 328.125000
13750.000000 328.125000
13775.000000 328.125000
13800.000000 328.125000
13825.000000 328.125000
13850.000000 328.125000
13875.000000 328.125000
13900.000000 343.750000
13925.000000 328.125000
13950.000000 328.125000
13975.000000 343.750000
14000.000000 312.500000
14025.000000 328.125000
14050.000000 343.750000
14075.000000 328.125000
14100.000000 328.125000
14125.000000 343.750000
14150.000000 343.750000
14175.000000 328.125000
14200.000000 328.125000
14225.000000 328.125000
14250.000000 343.750000
14275.000000 343.750000
14300.000000 328.125000
14325.000000 343.750000
14350.000000 343.750000
14375.000000 328.125000
14400.000000 328.125000
14425.000000 328.125000
14450.000000 328.125000
14475.000000 328.125000
14500.000000 328.125000
14525.000000 343.750000
14550.000000 328.125000
14575.000000 328.125000
14600.000000 343.750000
14625.000000 343.750000
14650.000000 343.750000
14675.000000 343.750000
14700.000000 343.750000
14725.000000 343.750000
14750.000000 343.750000
14775.000000 328.125000
14800.000000 359.375000
14825.000000 343.750000
14850.000000 343.750000
14875.000000 343.750000
14900.000000 343.750000
14925.000000 359.375000
14950.000000 328.125000
14975.000000 343.750000
15000.000000 328.125000
15025.000000 343.750000
15050.000000 343.750000
15075.000000 328.125000
15100.000000 343.750000
15125.000000 343.750000
15150.000000 328.125000
15175.000000 343.750000
15200.000000 343.750000
15225.000000 359.375000
15250.000000 343.750000
15275.000000 328.125000
15300.000000 359.375000
15325.000000 328.125000
15350.000000 343.750000
15375.000000 359.375000
15400.000000 343.750000
15425.000000 359.375000
15450.000000 343.750000
15475.000000 359.375000
15500.000000 343.750000
15525.000000 328.125000
15550.000000 359.375000
15575.000000 359.375000
15600.000000 359.375000
15625.000000 359.375000
15650.000000 359.375000
15675.000000 359.375000
15700.000000 359.375000
15725.000000 343.750000
15750.000000 359.375000
15775.000000 343.750000
15800.000000 359.375000
15825.000000 359.375000
15850.000000 359.375000
15875.000000 359.375000
15900.000000 343.750000
15925.000000 359.375000
15950.000000 375.000000
15975.000000 328.125000
16000.000000 359.375000
16025.000000 359.375000
16050.000000 359.375000
16075.000000 343.750000
16100.000000 359.375000
16125.000000 343.750000
16150.000000 375.000000
16175.000000 359.375000
16200.000000 375.000000
16225.000000 328.125000
16250.000000 375.000000
16275.000000 359.375000
16300.000000 359.375000
16325.000000 359.375000
16350.000000 375.000000
16375.000000 375.000000
16400.000000 359.375000
16425.000000 359.375000
16450.000000 359.375000
16475.000000 375.000000
16500.000000 375.000000
16525.000000 359.375000
16550.000000 375.000000
16575.000000 375.000000
16600.000000 359.375000
16625.000000 343.750000
16650.000000 359.375000
16675.000000 375.000000
16700.000000 375.000000
16725.000000 359.375000
16750.000000 359.375000
16775.000000 343.750000
16800.000000 375.000000
16825.000000 343.750000
16850.000000 375.000000
16875.000000 375.000000
16900.000000 375.000000
16925.000000 359.375000
16950.000000 375.000000
16975.000000 359.375000
17000.000000 375.000000
17025.000000 359.375000
17050.000000 375.000000
17075.000000 359.375000
17100.000000 375.000000
17125.000000 390.625000
17150.000000 375.000000
17175.000000 375.000000
17200.000000 390.625000
17225.000000 375.000000
17250.000000 375.000000
17275.000000 375.000000
17300.000000 375.000000
17325.000000 359.375000
17350.000000 390.625000
17375.000000 375.000000
17400.000000 390.625000
17425.000000 375.000000
17450.000000 359.375000
17475.000000 375.000000
17500.000000 390.625000
17525.000000 375.000000
17550.000000 375.000000
17575.000000 375.000000
17600.000000 375.000000
17625.000000 390.625000
17650.000000 390.625000
17675.000000 375.000000
17700.000000 390.625000
17725.000000 390.625000
17750.000000 390.625000
17775.000000 359.375000
17800.000000 390.625000
17825.000000 390.625000
17850.000000 390.625000
17875.000000 390.625000
17900.000000 390.625000
17925.000000 359.375000
17950.000000 390.625000
17975.000000 390.625000
18000.000000 390.625000
18025.000000 359.375000
18050.000000 359.375000
18075.000000 375.000000
18100.000000 390.625000
18125.000000 390.625000
18150.000000 390.625000
18175.000000 390.625000
18200.000000 375.000000
18225.000000 390.625000
18250.000000 390.625000
18275.000000 390.625000
18300.000000 390.625000
18325.000000 406.250000
18350.000000 406.250000
18375.000000 390.625000
18400.000000 390.625000
18425.000000 406.250000
18450.000000 390.625000
18475.000000 390.625000
18500.000000 390.625000
18525.000000 390.625000
18550.000000 390.625000
18575.000000 390.625000
18600.000000 390.625000
18625.000000 406.250000
18650.000000 390.625000
18675.000000 406.250000
18700.000000 390.625000
18725.000000 406.250000
18750.000000 390.625000
18775.000000 406.250000
18800.000000 390.625000
18825.000000 390.625000
18850.000000 390.625000
18875.000000 390.625000
18900.000000 406.250000
18925.000000 406.250000
18950.000000 390.625000
18975.000000 390.625000
19000.000000 406.250000
19025.000000 406.250000
19050.000000 406.250000
19075.000000 390.625000
19100.000000 390.625000
19125.000000 406.250000
19150.000000 406.250000
19175.000000 406.250000
19200.000000 406.250000
19225.000000 390.625000
19250.000000 390.625000
19275.000000 406.250000
19300.000000 406.250000
19325.000000 406.250000
19350.000000 406.250000
19375.000000 406.250000
19400.000000 390.625000
19425.000000 406.250000
19450.000000 406.250000
19475.000000 406.250000
19500.000000 406.250000
19525.000000 406.250000
19550.000000 406.250000
19575.000000 406.250000
19600.000000 406.250000
19625.000000 406.250000
19650.000000 406.250000
19675.000000 406.250000
19700.000000 421.875000
19725.000000 406.250000
19750.000000 390.625000
19775.000000 421.875000
19800.000000 390.625000
19825.000000 421.875000
19850.000000 406.250000
19875.000000 390.625000
19900.000000 421.875000
19925.000000 390.625000
19950.000000 421.875000
19975.000000 390.625000
20000.000000 406.250000
20025.000000 421.875000
20050.000000 406.250000
20075.000000 421.875000
20100.000000 421.875000
20125.000000 406.250000
20150.000000 421.875000
20175.000000 421.875000
20200.000000 390.625000
20225.000000 406.250000
20250.000000 421.875000
20275.000000 390.625000
20300.000000 421.875000
20325.000000 406.250000
20350.000000 406.250000
20375.000000 421.875000
20400.000000 406.250000
20425.000000 421.875000
20450.000000 406.250000
20475.000000 421.875000
20500.000000 421.875000
20525.000000 421.875000
20550.000000 421.875000
20575.000000 421.875000
20600.000000 421.875000
20625.000000 421.875000
20650.000000 421.875000
20675.000000 406.250000
20700.000000 421.875000
20725.000000 406.250000
20750.000000 421.875000
20775.000000 390.625000
20800.000000 421.875000
20825.000000 421.875000
20850.000000 406.250000
20875.000000 421.875000
20900.000000 421.875000
20925.000000 453.125000
20950.000000 421.875000
20975.000000 437.500000
21000.000000 421.875000
21025.000000 421.875000
21050.000000 421.875000
21075.000000 437.500000
21100.000000 421.875000
21125.000000 437.500000
21150.000000 421.875000
21175.000000 437.500000
21200.000000 421.875000
21225.000000 437.500000
21250.000000 421.875000
21275.000000 437.500000
21300.000000 421.875000
21325.000000 421.875000
21350.000000 437.500000
21375.000000 390.625000
21400.000000 437.500000
21425.000000 437.500000
21450.000000 406.250000
21475.000000 437.500000
21500.000000 437.500000
21525.000000 406.250000
21550.000000 437.500000
21575.000000 437.500000
21600.000000 437.500000
21625.000000 421.875000
21650.000000 437.500000
21675.000000 437.500000
21700.000000 421.875000
21725.000000 437.500000
21750.000000 437.500000
21775.000000 421.875000
21800.000000 437.500000
21825.000000 437.500000
21850.000000 421.875000
21875.000000 437.500000
21900.000000 437.500000
21925.000000 437.500000
21950.000000 437.500000
21975.000000 437.500000
22000.000000 421.875000
22025.000000 437.500000
22050.000000 437.500000
22075.000000 421.875000
22100.000000 437.500000
22125.000000 437.500000
22150.000000 437.500000
22175.000000 437.500000
22200.000000 406.250000
22225.000000 453.125000
22250.000000 437.500000
22275.000000 421.875000
22300.000000 437.500000
22325.000000 437.500000
22350.000000 437.500000
22375.000000 437.500000
22400.000000 453.125000
22425.000000 421.875000
22450.000000 437.500000
22475.000000 453.125000
22500.000000 406.250000
22525.000000 453.125000
22550.000000 406.250000
22575.000000 453.125000
22600.000000 437.500000
22625.000000 453.125000
22650.000000 437.500000
22675.000000 453.125000
22700.000000 453.125000
22725.000000 437.500000
22750.000000 453.125000
22775.000000 421.875000
22800.000000 453.125000
22825.000000 453.125000
22850.000000 437.500000
22875.000000 437.500000
22900.000000 453.125000
22925.000000 453.125000
22950.000000 421.875000
22975.000000 453.125000
23000.000000 453.125000
23025.000000 437.500000
23050.000000 453.125000
23075.000000 453.125000
23100.000000 453.125000
23125.000000 453.125000
23150.000000 453.125000
23175.000000 437.500000
23200.000000 437.500000
23225.000000 437.500000
23250.000000 437.500000
23275.000000 437.500000
23300.000000 453.125000
23325.000000 437.500000
23350.000000 453.125000
23375.000000 437.500000
23400.000000 437.500000
23425.000000 437.500000
23450.000000 453.125000
23475.000000 468.750000
23500.000000 437.500000
23525.000000 453.125000
23550.000000 453.125000
23575.000000 468.750000
23600.000000 453.125000
23625.000000 437.500000
23650.000000 468.750000
23675.000000 437.500000
23700.000000 468.750000
23725.000000 437.500000
23750.000000 468.750000
23775.000000 453.125000
23800.000000 468.750000
23825.000000 437.500000
23850.000000 468.750000
23875.000000 437.500000
23900.000000 468.750000
23925.000000 437.500000
23950.000000 468.750000
23975.000000 468.750000
24000.000000 437.500000
24025.000000 468.750000
24050.000000 468.750000
24075.000000 437.500000
24100.000000 468.750000
24125.000000 468.750000
24150.000000 437.500000
24175.000000 468.750000
24200.000000 468.750000
24225.000000 468.750000
24250.000000 468.750000
24275.000000 437.500000
24300.000000 468.750000
24325.000000 468.750000
24350.000000 468.750000
24375.000000 468.750000
24400.000000 468.750000
24425.000000 437.500000
24450.000000 359.375000
24475.000000 453.125000
24500.000000 468.750000
24525.000000 468.750000
24550.000000 468.750000
24575.000000 468.750000
24600.000000 468.750000
24625.000000 468.750000
24650.000000 468.750000
24675.000000 468.750000
24700.000000 468.750000
24725.000000 421.875000
24750.000000 468.750000
24775.000000 468.750000
24800.000000 468.750000
24825.000000 468.750000
24850.000000 468.750000
24875.000000 484.375000
24900.000000 468.750000
24925.000000 468.750000
24950.000000 468.750000
24975.000000 468.750000
25000.000000 468.750000
25025.000000 468.750000
25050.000000 468.750000
25075.000000 468.750000
25100.000000 468.750000
25125.000000 468.750000
25150.000000 468.750000
25175.000000 468.750000
25200.000000 468.750000
25225.000000 468.750000
25250.000000 468.750000
25275.000000 484.375000
25300.000000 484.375000
25325.000000 484.375000
25350.000000 484.375000
25375.000000 484.375000
25400.000000 484.375000
25425.000000 500.000000
25450.000000 484.375000
25475.000000 500.000000
25500.000000 484.375000
25525.000000 468.750000
25550.000000 484.375000
25575.000000 468.750000
25600.000000 484.375000
25625.000000 484.375000
25650.000000 468.750000
25675.000000 468.750000
25700.000000 484.375000
25725.000000 484.375000
25750.000000 484.375000
25775.000000 468.750000
25800.000000 468.750000
25825.000000 468.750000
25850.000000 468.750000
25875.000000 468.750000
25900.000000 484.375000
25925.000000 500.000000
25950.000000 484.375000
25975.000000 484.375000
26000.000000 484.375000
26025.000000 484.375000
26050.000000 484.375000
26075.000000 484.375000
26100.000000 484.375000
26125.000000 484.375000
26150.000000 484.375000
26175.000000 484.375000
26200.000000 500.000000
26225.000000 468.750000
26250.000000 484.375000
26275.000000 484.375000
26300.000000 484.375000
26325.000000 468.750000
26350.000000 484.375000
26375.000000 484.375000
26400.000000 484.375000
26425.000000 500.000000
26450.000000 484.375000
26475.000000 484.375000
26500.000000 484.375000
26525.000000 484.375000
26550.000000 484.375000
26575.000000 500.000000
26600.000000 484.375000
26625.000000 500.000000
26650.000000 468.750000
26675.000000 484.375000
26700.000000 468.750000
26725.000000 500.000000
26750.000000 484.375000
26775.000000 484.375000
26800.000000 468.750000
26825.000000 500.000000
26850.000000 484.375000
26875.000000 500.000000
26900.000000 484.375000
26925.000000 500.000000
26950.000000 500.000000
26975.000000 500.000000
27000.000000 468.750000
27025.000000 484.375000
27050.000000 500.000000
27075.000000 500.000000
27100.000000 468.750000
27125.000000 468.750000
27150.000000 500.000000
27175.000000 484.375000
27200.000000 500.000000
27225.000000 500.000000
27250.000000 500.000000
27275.000000 500.000000
27300.000000 484.375000
27325.000000 500.000000
27350.000000 500.000000
27375.000000 500.000000
27400.000000 500.000000
27425.000000 500.000000
27450.000000 515.625000
27475.000000 500.000000
27500.000000 515.625000
27525.000000 500.000000
27550.000000 500.000000
27575.000000 500.000000
27600.000000 484.375000
27625.000000 484.375000
27650.000000 515.625000
27675.000000 484.375000
27700.000000 484.375000
27725.000000 500.000000
27750.000000 515.625000
27775.000000 484.375000
27800.000000 468.750000
27825.000000 515.625000
27850.000000 500.000000
27875.000000 500.000000
27900.000000 484.375000
27925.000000 500.000000
27950.000000 515.625000
27975.000000 500.000000
28000.000000 515.625000
28025.000000 500.000000
28050.000000 484.375000
28075.000000 515.625000
28100.000000 500.000000
28125.000000 484.375000
28150.000000 515.625000
28175.000000 500.000000
28200.000000 500.000000
28225.000000 500.000000
28250.000000 500.000000
28275.000000 500.000000
28300.000000 515.625000
28325.000000 500.000000
28350.000000 515.625000
28375.000000 515.625000
28400.000000 500.000000
28425.000000 515.625000
28450.000000 500.000000
28475.000000 515.625000
28500.000000 515.625000
28525.000000 515.625000
28550.000000 484.375000
28575.000000 500.000000
28600.000000 515.625000
28625.000000 500.000000
28650.000000 500.000000
28675.000000 515.625000
28700.000000 515.625000
28725.000000 515.625000
28750.000000 515.625000
28775.000000 515.625000
28800.000000 515.625000
28825.000000 515.625000
28850.000000 515.625000
28875.000000 515.625000
28900.000000 515.625000
28925.000000 515.625000
28950.000000 515.625000
28975.000000 531.250000
29000.000000 515.625000
29025.000000 500.000000
29050.000000 531.250000
29075.000000 500.000000
29100.000000 515.625000
29125.000000 515.625000
29150.000000 531.250000
29175.000000 515.625000
29200.000000 500.000000
29225.000000 515.625000
29250.000000 531.250000
29275.000000 515.625000
29300.000000 531.250000
29325.000000 515.625000
29350.000000 500.000000
29375.000000 515.625000
29400.000000 531.250000
29425.000000 515.625000
29450.000000 515.625000
29475.000000 531.250000
29500.000000 515.625000
29525.000000 531.250000
29550.000000 515.625000
29575.000000 531.250000
29600.000000 500.000000
29625.000000 515.625000
29650.000000 515.625000
29675.000000 531.250000
29700.000000 531.250000
29725.000000 515.625000
29750.000000 515.625000
29775.000000 531.250000
29800.000000 515.625000
29825.000000 531.250000
29850.000000 531.250000
29875.000000 500.000000
29900.000000 515.625000
29925.000000 531.250000
29950.000000 515.625000
29975.000000 531.250000
30000.000000 531.250000
30025.000000 515.625000
30050.000000 531.250000
30075.000000 531.250000
30100.000000 515.625000
30125.000000 531.250000
30150.000000 531.250000
30175.000000 515.625000
30200.000000 500.000000
30225.000000 531.250000
30250.000000 531.250000
30275.000000 531.250000
30300.000000 531.250000
30325.000000 531.250000
30350.000000 531.250000
30375.000000 531.250000
30400.000000 531.250000
30425.000000 531.250000
30450.000000 515.625000
30475.000000 515.625000
30500.000000 531.250000
30525.000000 515.625000
30550.000000 531.250000
30575.000000 546.875000
30600.000000 515.625000
30625.000000 515.625000
30650.000000 546.875000
30675.000000 515.625000
30700.000000 515.625000
30725.000000 531.250000
30750.000000 515.625000
30775.000000 531.250000
30800.000000 515.625000
30825.000000 546.875000
30850.000000 531.250000
30875.000000 531.250000
30900.000000 531.250000
30925.000000 515.625000
30950.000000 546.875000
30975.000000 531.250000
31000.000000 531.250000
31025.000000 546.875000
31050.000000 546.875000
31075.000000 546.875000
31100.000000 531.250000
31125.000000 546.875000
31150.000000 546.875000
31175.000000 546.875000
31200.000000 515.625000
31225.000000 546.875000
31250.000000 546.875000
