1250.000000 0.218750
1275.000000 0.156250
1300.000000 0.218750
1325.000000 0.218750
1350.000000 0.312500
1375.000000 0.187500
1400.000000 0.218750
1425.000000 0.218750
1450.000000 0.187500
1475.000000 0.218750
1500.000000 0.218750
1525.000000 0.218750
1550.000000 0.250000
1575.000000 0.250000
1600.000000 0.250000
1625.000000 0.281250
1650.000000 0.312500
1675.000000 0.250000
1700.000000 0.281250
1725.000000 0.250000
1750.000000 0.281250
1775.000000 0.312500
1800.000000 0.312500
1825.000000 0.250000
1850.000000 0.281250
1875.000000 0.343750
1900.000000 0.281250
1925.000000 0.343750
1950.000000 0.312500
1975.000000 0.312500
2000.000000 0.312500
2025.000000 0.312500
2050.000000 0.312500
2075.000000 0.312500
2100.000000 0.375000
2125.000000 0.312500
2150.000000 0.437500
2175.000000 0.375000
2200.000000 0.343750
2225.000000 0.406250
2250.000000 0.343750
2275.000000 0.375000
2300.000000 0.375000
2325.000000 0.406250
2350.000000 0.375000
2375.000000 0.312500
2400.000000 0.375000
2425.000000 0.406250
2450.000000 0.406250
2475.000000 0.437500
2500.000000 0.468750
2525.000000 0.468750
2550.000000 0.437500
2575.000000 0.468750
2600.000000 0.375000
2625.000000 0.437500
2650.000000 0.406250
2675.000000 0.312500
2700.000000 0.312500
2725.000000 0.500000
2750.000000 0.437500
2775.000000 0.531250
2800.000000 0.437500
2825.000000 0.500000
2850.000000 0.468750
2875.000000 0.437500
2900.000000 0.531250
2925.000000 0.500000
2950.000000 0.531250
2975.000000 0.625000
3000.000000 0.500000
3025.000000 0.531250
3050.000000 0.500000
3075.000000 0.531250
3100.000000 0.562500
3125.000000 0.562500
3150.000000 0.562500
3175.000000 0.562500
3200.000000 0.468750
3225.000000 0.593750
3250.000000 0.625000
3275.000000 0.500000
3300.000000 0.562500
3325.000000 0.593750
3350.000000 0.593750
3375.000000 0.593750
3400.000000 0.625000
3425.000000 0.593750
3450.000000 0.593750
3475.000000 0.593750
3500.000000 0.593750
3525.000000 0.625000
3550.000000 0.625000
3575.000000 0.656250
3600.000000 0.687500
3625.000000 0.687500
3650.000000 0.656250
3675.000000 0.656250
3700.000000 0.687500
3725.000000 0.687500
3750.000000 0.718750
3775.000000 0.781250
3800.000000 0.656250
3825.000000 0.718750
3850.000000 0.687500
3875.000000 0.750000
3900.000000 0.687500
3925.000000 0.687500
3950.000000 0.687500
3975.000000 0.718750
4000.000000 0.750000
4025.000000 0.718750
4050.000000 0.718750
4075.000000 0.750000
4100.000000 0.750000
4125.000000 0.812500
4150.000000 0.625000
4175.000000 0.875000
4200.000000 0.875000
4225.000000 0.718750
4250.000000 0.812500
4275.000000 0.718750
4300.000000 0.781250
4325.000000 0.812500
4350.000000 0.812500
4375.000000 0.718750
4400.000000 0.843750
4425.000000 0.812500
4450.000000 0.875000
4475.000000 0.781250
4500.000000 0.812500
4525.000000 0.843750
4550.000000 0.937500
4575.000000 0.906250
4600.000000 0.781250
4625.000000 0.875000
4650.000000 0.875000
4675.000000 0.812500
4700.000000 0.843750
4725.000000 0.875000
4750.000000 0.875000
4775.000000 0.906250
4800.000000 0.906250
4825.000000 0.906250
4850.000000 0.937500
4875.000000 0.875000
4900.000000 0.906250
4925.000000 0.937500
4950.000000 0.906250
4975.000000 0.906250
5000.000000 0.937500
5025.000000 0.937500
5050.000000 0.937500
5075.000000 0.937500
5100.000000 0.937500
5125.000000 0.937500
5150.000000 0.937500
5175.000000 0.968750
5200.000000 0.937500
5225.000000 1.000000
5250.000000 1.093750
5275.000000 0.937500
5300.000000 1.031250
5325.000000 0.968750
5350.000000 0.968750
5375.000000 1.000000
5400.000000 1.031250
5425.000000 0.968750
5450.000000 1.093750
5475.000000 0.968750
5500.000000 1.093750
5525.000000 1.000000
5550.000000 1.000000
5575.000000 0.937500
5600.000000 1.000000
5625.000000 1.062500
5650.000000 1.031250
5675.000000 1.093750
5700.000000 1.062500
5725.000000 1.093750
5750.000000 1.062500
5775.000000 1.031250
5800.000000 1.156250
5825.000000 1.031250
5850.000000 1.156250
5875.000000 1.250000
5900.000000 1.156250
5925.000000 1.156250
5950.000000 1.062500
5975.000000 1.125000
6000.000000 1.125000
6025.000000 1.156250
6050.000000 1.187500
6075.000000 1.156250
6100.000000 1.156250
6125.000000 1.187500
6150.000000 1.062500
6175.000000 1.125000
6200.000000 1.187500
6225.000000 1.156250
6250.000000 1.187500
6275.000000 1.250000
6300.000000 1.125000
6325.000000 1.156250
6350.000000 1.187500
6375.000000 1.156250
6400.000000 1.250000
6425.000000 1.250000
6450.000000 1.250000
6475.000000 1.218750
6500.000000 1.250000
6525.000000 1.218750
6550.000000 1.281250
6575.000000 1.343750
6600.000000 1.250000
6625.000000 1.281250
6650.000000 1.281250
6675.000000 1.250000
6700.000000 1.406250
6725.000000 1.281250
6750.000000 1.281250
6775.000000 1.281250
6800.000000 1.312500
6825.000000 1.250000
6850.000000 1.281250
6875.000000 1.312500
6900.000000 1.281250
6925.000000 1.281250
6950.000000 1.468750
6975.000000 1.312500
7000.000000 1.343750
7025.000000 1.406250
7050.000000 1.406250
7075.000000 1.406250
7100.000000 1.312500
7125.000000 1.312500
7150.000000 1.375000
7175.000000 1.343750
7200.000000 1.406250
7225.000000 1.375000
7250.000000 1.406250
7275.000000 1.406250
7300.000000 1.343750
7325.000000 1.406250
7350.000000 1.406250
7375.000000 1.437500
7400.000000 1.437500
7425.000000 1.500000
7450.000000 1.250000
7475.000000 1.468750
7500.000000 1.468750
